===================================================================================================================================================
                                        RELATÓRIO DE OTIMIZAÇÃO - MODO CONECTADO À REDE (ON-GRID)
===================================================================================================================================================
PV(kWp) |Bat(kWh)  |LCOE(R$/kWh)  |LCOS(R$/kWh) |OPEX Anual(R$)|Autoconsumo(%)  |Energia Import.(kWh)|Energia Export.(kWh)
---------------------------------------------------------------------------------------------------------------------------------------------------
11.2    |10        |0.4087        |1.1649       |7096          |38.5            |20279               |448                 
11.2    |10        |0.4328        |1.1649       |7096          |38.5            |20279               |448                 
11.2    |15        |0.4333        |1.3995       |7346          |39.6            |19932               |25                  
11.2    |10        |0.4570        |1.1649       |7096          |38.5            |20279               |448                 
11.2    |15        |0.4574        |1.3995       |7346          |39.6            |19932               |25                  
11.2    |20        |0.4579        |1.8406       |7595          |39.7            |19908               |0                   
11.2    |15        |0.4816        |1.3995       |7346          |39.6            |19932               |25                  
11.2    |20        |0.4820        |1.8406       |7595          |39.7            |19908               |0                   
15.0    |10        |0.4981        |0.7812       |8799          |44.7            |18239               |2822                
11.2    |20        |0.5062        |1.8406       |7595          |39.7            |19908               |0                   
15.0    |10        |0.5222        |0.7812       |8799          |44.7            |18239               |2822                
15.0    |15        |0.5227        |0.8612       |9048          |47.0            |17489               |1901                
15.0    |10        |0.5463        |0.7812       |8799          |44.7            |18239               |2822                
15.0    |15        |0.5468        |0.8612       |9048          |47.0            |17489               |1901                
15.0    |20        |0.5473        |0.9345       |9298          |49.0            |16842               |1107                
===================================================================================================================================================
