================================================================================================================================================
                                        RELATÓRIO DE OTIMIZAÇÃO - MODO ILHADO (OFF-GRID)
================================================================================================================================================
PV(kWp) |Bat(kWh)  |Ger(kW)   |LCOE(R$/kWh)  |LCOS(R$/kWh) |Autonomia(h)   |Penetr.Renov(%)   |Carga Nao Atendida(kWh)
------------------------------------------------------------------------------------------------------------------------------------------------
20.0    |20        |10        |1.8204        |0.7089       |4.2            |58.3              |0.00                  
15.0    |20        |10        |1.8360        |0.9345       |4.2            |51.4              |0.02                  
20.0    |15        |10        |1.8528        |0.7401       |3.2            |54.7              |0.03                  
15.0    |15        |10        |1.8585        |0.8612       |3.2            |49.0              |0.02                  
15.0    |10        |10        |1.8697        |0.7812       |2.1            |46.2              |0.02                  
25.0    |20        |10        |1.8859        |0.7031       |4.2            |62.2              |0.01                  
20.0    |10        |10        |1.8970        |0.7023       |2.1            |50.8              |0.00                  
25.0    |15        |10        |1.9161        |0.6903       |3.2            |57.7              |0.02                  
20.0    |20        |15        |1.9284        |0.7089       |4.2            |58.3              |0.00                  
15.0    |20        |15        |1.9519        |0.9345       |4.2            |51.4              |0.02                  
20.0    |15        |15        |1.9615        |0.7401       |3.2            |54.7              |0.03                  
11.2    |10        |10        |1.9645        |1.1649       |2.1            |39.5              |0.01                  
30.0    |20        |10        |1.9648        |0.6903       |4.2            |64.1              |0.01                  
11.2    |15        |10        |1.9726        |1.3995       |3.2            |40.8              |0.01                  
15.0    |15        |15        |1.9771        |0.8612       |3.2            |49.0              |0.02                  
================================================================================================================================================
